1.000000000000000048e-04 1.984729809465678443e+02
1.014618947195496389e-04 2.012652704062514886e+02
1.029451608008097313e-04 2.040967950922796774e+02
1.044501106705886511e-04 2.069681045577830787e+02
1.059770613230457271e-04 2.098797560136150366e+02
1.075263343864612289e-04 2.128323144342844842e+02
1.090982561909821839e-04 2.158263526634384561e+02
1.106931578373588704e-04 2.188624511859721338e+02
1.123113752666859603e-04 2.219411978246751573e+02
1.139532493311632035e-04 2.250631884477093934e+02
1.156191258658907135e-04 2.282290271701197355e+02
1.173093557617135976e-04 2.314393264663942205e+02
1.190242950391318019e-04 2.346947072845234459e+02
1.207643049232900252e-04 2.379957991631505934e+02
1.225297519200644529e-04 2.413432404142756411e+02
1.243210078932611225e-04 2.447376782702919513e+02
1.261384501429435947e-04 2.481797689245176457e+02
1.279824614849050135e-04 2.516701776472128529e+02
1.298534303313024713e-04 2.552095789094552742e+02
1.317517507724698747e-04 2.587986565086672499e+02
1.336778226599267942e-04 2.624381036674776055e+02
1.356320516906011860e-04 2.661286226759102078e+02
1.376148494922829009e-04 2.698709250574181056e+02
1.396266337103267620e-04 2.736657321091324206e+02
1.416678280956229410e-04 2.775137750481259786e+02
1.437388625938534946e-04 2.814157951452855286e+02
1.458401734360537398e-04 2.853725438609480420e+02
1.479722032304974389e-04 2.893847829857119791e+02
1.501354010559253116e-04 2.934532848087395678e+02
1.523302225561365517e-04 2.975788322463021700e+02
1.545571300359629182e-04 3.017622189679862572e+02
1.568165925586461099e-04 3.060042495414165842e+02
1.591090860446386424e-04 3.103057395790231112e+02
1.614350933718488831e-04 3.146675158867656705e+02
1.637951044773519539e-04 3.190904163068767048e+02
1.661896164605871848e-04 3.235752884599380650e+02
1.686191336880642872e-04 3.281229909197902543e+02
1.710841678996003954e-04 3.327343939174930370e+02
1.735852383161101177e-04 3.374103794952578710e+02
1.761228717489709617e-04 3.421518416618451397e+02
1.786976027109883635e-04 3.469596865499163414e+02
1.813099735289820332e-04 3.518348326018725629e+02
1.839605344580190949e-04 3.567782107938904232e+02
1.866498437973161391e-04 3.617907647346473823e+02
1.893784680078367509e-04 3.668734508138456931e+02
1.921469818316072812e-04 3.720272383699406760e+02
1.949559684127775332e-04 3.772531098599877737e+02
1.978060194204507853e-04 3.825520610289674437e+02
2.006977351733096871e-04 3.879251007240663967e+02
2.036317247660639933e-04 3.933732506765949211e+02
2.066086061977469182e-04 3.988975462856352010e+02
2.096290065018868872e-04 4.044990368806648462e+02
2.126935618785823082e-04 4.101787859021307554e+02
2.158029178285073338e-04 4.159378710842080409e+02
2.189577292888762619e-04 4.217773845898228160e+02
2.221586607713961731e-04 4.276984313762201850e+02
2.254063865022354254e-04 4.337021287446186761e+02
2.287015905640392042e-04 4.397896086400066906e+02
2.320449670400209123e-04 4.459620179850821273e+02
2.354372201601596503e-04 4.522205188677041861e+02
2.388790644495354719e-04 4.585662887305159643e+02
2.423712248788328547e-04 4.650005205204642493e+02
2.459144370170442064e-04 4.715244222268748899e+02
2.495094471864065834e-04 4.781392171611825574e+02
2.531570126196021429e-04 4.848461446779845119e+02
2.568579016192576990e-04 4.916464603889375553e+02
2.606128937197756666e-04 4.985414363629766967e+02
2.644227798515305173e-04 5.055323613287177977e+02
2.682883625074664177e-04 5.126205406793429802e+02
2.722104559121291730e-04 5.198072951050635311e+02
2.761898861931706391e-04 5.270939615457704122e+02
2.802274915553587260e-04 5.344818942597557907e+02
2.843241224571328913e-04 5.419724650390456873e+02
2.884806417897395467e-04 5.495670634196978881e+02
2.926979250589866258e-04 5.572670968942520631e+02
2.969768605696553152e-04 5.650739904902987973e+02
3.013183496126073824e-04 5.729891843106270244e+02
3.057233066546281635e-04 5.810141357919324037e+02
3.101926595310447281e-04 5.891503209121174223e+02
3.147273496411595551e-04 5.973992344045437903e+02
3.193283321465422743e-04 6.057623899739375020e+02
3.239965761722185035e-04 6.142413205133480005e+02
3.287330650108016990e-04 6.228375766345709508e+02
3.335387963296082428e-04 6.315527232571309924e+02
3.384147823808002177e-04 6.403883437581490625e+02
3.433620502146005949e-04 6.493460411361974138e+02
3.483816418956251241e-04 6.584274382238714907e+02
3.534746147223775991e-04 6.676341779021360026e+02
3.586420414499524108e-04 6.769679233151598510e+02
3.638850105159942608e-04 6.864303579635324013e+02
3.692046262699602457e-04 6.960231858026254486e+02
3.746020092057336984e-04 7.057481316628287686e+02
3.800782961976391719e-04 7.156069414969757645e+02
3.856346407399066493e-04 7.256013826041321408e+02
3.912722131896375103e-04 7.357332438549688050e+02
3.969922010133219645e-04 7.460043357340513239e+02
4.027958090369594506e-04 7.564164846669945064e+02
4.086842596998380020e-04 7.669715316294824561e+02
4.146587933120203366e-04 7.776713388770112942e+02
4.207206683155970605e-04 7.885177905657737938e+02
4.268711615497567530e-04 7.995127929602166432e+02
4.331115685197327769e-04 8.106582746415789416e+02
4.394432036696813539e-04 8.219561865571350836e+02
4.458674006595480925e-04 8.334084999757491232e+02
4.523855126459832535e-04 8.450172071051819103e+02
4.589989125673624008e-04 8.567843230130432630e+02
4.657089934329749960e-04 8.687118858764472407e+02
4.725171686164393765e-04 8.808019571868742332e+02
4.794248721534084628e-04 8.930566219556467331e+02
4.864335590436266407e-04 9.054779878239911568e+02
4.935447055574028160e-04 9.180681773410914275e+02
5.007598095465633919e-04 9.308293322424650569e+02
5.080803907599512528e-04 9.437636177569308984e+02
5.155079911635381896e-04 9.568732228140587495e+02
5.230441752652143037e-04 9.701603602238657231e+02
5.306905304443283299e-04 9.836272668561299497e+02
5.384486672860439851e-04 9.972762032154349754e+02
5.463202199205840093e-04 1.011109451287403886e+03
5.543068463674349737e-04 1.025129316586054983e+03
5.624102288845825694e-04 1.039338129147364498e+03
5.706320743228531639e-04 1.053738243697797088e+03
5.789741144854356749e-04 1.068332039821887975e+03
5.874381064926573800e-04 1.083121922123311379e+03
5.960258331520959518e-04 1.098110315160810615e+03
6.047391033340980852e-04 1.113299653418574735e+03
6.135797523527910169e-04 1.128692393043252878e+03
6.225496423526622912e-04 1.144291014537022193e+03
6.316506627007909295e-04 1.160098022874705521e+03
6.408847303848140293e-04 1.176115947618626478e+03
6.502537904167094568e-04 1.192347343002056505e+03
6.597598162424826718e-04 1.208794785490373670e+03
6.694048101578420340e-04 1.225460871705622594e+03
6.791908037299507379e-04 1.242348222409768823e+03
6.891198582253455808e-04 1.259459483045122624e+03
6.991940650441097341e-04 1.276797323818607310e+03
7.094155461603939526e-04 1.294364439782633781e+03
7.197864545693771852e-04 1.312163550585502890e+03
7.303089747407602627e-04 1.330197391334580516e+03
7.409853230788923011e-04 1.348468710808387414e+03
7.518177483896205677e-04 1.366980281177877487e+03
7.628085323539656164e-04 1.385734898585178371e+03
7.739599900087219819e-04 1.404735383162624885e+03
7.852744702340864547e-04 1.423984579046808904e+03
7.967543562484097818e-04 1.443485353165287961e+03
8.084020661101869350e-04 1.463240579603586866e+03
8.202200532273821142e-04 1.483253143222279050e+03
8.322108068742000526e-04 1.503525950927025406e+03
8.443768527154156198e-04 1.524061931859793049e+03
8.567207533383614697e-04 1.544864037324063020e+03
8.692451087927006948e-04 1.565935240702966894e+03
8.819525571380848819e-04 1.587278535565970515e+03
8.948457749998194348e-04 1.608896923585627292e+03
9.079274781326548841e-04 1.630793421085734280e+03
9.212004219928158566e-04 1.652971064819883622e+03
9.346674023183981338e-04 1.675432911842897283e+03
9.483312557182426534e-04 1.698182039343264705e+03
9.621948602694262078e-04 1.721221544466601927e+03
9.762611361234828974e-04 1.744554535239948564e+03
9.905330461214873101e-04 1.768184098922977455e+03
1.005013596418131375e-03 1.792113328252067276e+03
1.019705837114924128e-03 1.816345331920525041e+03
1.034612862902646330e-03 1.840883234034560019e+03
1.049737813713201660e-03 1.865730173844211549e+03
1.065083875380990440e-03 1.890889305377280152e+03
1.080654280313959881e-03 1.916363790034245540e+03
1.096452308174456804e-03 1.942156783807954525e+03
1.112481286570038983e-03 1.968271451735434766e+03
1.128744591754384310e-03 1.994710970467220250e+03
1.145245649338443505e-03 2.021478527798343521e+03
1.161987935011994438e-03 2.048577322184775767e+03
1.178974975275738591e-03 2.076010561854169737e+03
1.196210348184105965e-03 2.103781435772610621e+03
1.213697684098915880e-03 2.131893091818242283e+03
1.231440666454053715e-03 2.160348677583878725e+03
1.249443032531332700e-03 2.189151344093652369e+03
1.267708574247689100e-03 2.218304245090138011e+03
1.286241138953893564e-03 2.247810536303148183e+03
1.305044630244935880e-03 2.277673373885187630e+03
1.324123008782252236e-03 2.307895893304822039e+03
1.343480293127981935e-03 2.338481205889842840e+03
1.363120560591410098e-03 2.369432418339766173e+03
1.383047948087790880e-03 2.400752632875241488e+03
1.403266653009726172e-03 2.432444946318481016e+03
1.423780934111275884e-03 2.464512449152861336e+03
1.444595112405003181e-03 2.496958220753707792e+03
1.465713572072124479e-03 2.529785284055887132e+03
1.487140761385968455e-03 2.562996617073452853e+03
1.508881193648940527e-03 2.596595182348011804e+03
1.530939448143171485e-03 2.630583926369468372e+03
1.553320171095078821e-03 2.664965778373907142e+03
1.576028076654017486e-03 2.699743649117814130e+03
1.599067947885241675e-03 2.734920418930144479e+03
1.622444637777387122e-03 2.770498871171816063e+03
1.646163070264670568e-03 2.806481729949050532e+03
1.670228241264046015e-03 2.842871689325285388e+03
1.694645219727512492e-03 2.879671411913614975e+03
1.719419148709808599e-03 2.916883527328688615e+03
1.744555246451722592e-03 2.954510630612209297e+03
1.770058807479225763e-03 2.992555268837985295e+03
1.795935203718687992e-03 3.031019901342247067e+03
1.822189885628385181e-03 3.069906931957832967e+03
1.848828383346553562e-03 3.109218719484164467e+03
1.875856307856231791e-03 3.148957575877222553e+03
1.903279352167120244e-03 3.189125764413146499e+03
1.931103292514729872e-03 3.229725497718156930e+03
1.959333989577052414e-03 3.270758895156434846e+03
1.987977389709019976e-03 3.312227916345539597e+03
2.017039526195017231e-03 3.354134441175735901e+03
2.046526520519690619e-03 3.396480282916391843e+03
2.076444583657350955e-03 3.439267186008446060e+03
2.106800017380212539e-03 3.482496823830139874e+03
2.137599215585764094e-03 3.526170795916673342e+03
2.168848665643546923e-03 3.570290593879065455e+03
2.200554949761612204e-03 3.614857578692482548e+03
2.232724746372965335e-03 3.659873022356755428e+03
2.265364831542269249e-03 3.705338109705761781e+03
2.298482080393120242e-03 3.751253935914289286e+03
2.332083468556182555e-03 3.797621503982136801e+03
2.366176073638494391e-03 3.844441718185568789e+03
2.400767076714262812e-03 3.891715292332501576e+03
2.435863763837434193e-03 3.939442741685757937e+03
2.471473527576396705e-03 3.987624465468587914e+03
2.507603868571103237e-03 4.036260747941821137e+03
2.544262397112966034e-03 4.085351755542192222e+03
2.581456834747847869e-03 4.134897534004384397e+03
2.619195015902479363e-03 4.184897998919229394e+03
2.657484889534665433e-03 4.235352863306650761e+03
2.696334520807602223e-03 4.286261657954672046e+03
2.735752092788681401e-03 4.337623774110708837e+03
2.775745908173128315e-03 4.389438461161224041e+03
2.816324391032825735e-03 4.441704823545172985e+03
2.857496088590723033e-03 4.494421817661859677e+03
2.899269673021168635e-03 4.547588229190159836e+03
2.941653943276568636e-03 4.601202560382575030e+03
2.984657826940752788e-03 4.655263097517979077e+03
3.028290382109423418e-03 4.709767956784918169e+03
3.072560799298111427e-03 4.764715081129064856e+03
3.117478403378002791e-03 4.820102236980661473e+03
3.163052655540085287e-03 4.875927010992638316e+03
3.209293155288000122e-03 4.932186768201549057e+03
3.256209642460023476e-03 4.988878535140807799e+03
3.303811999280612931e-03 5.045999103509141605e+03
3.352110252441943376e-03 5.103545061812415042e+03
3.401114575215872116e-03 5.161512792006800737e+03
3.450835289596787276e-03 5.219898466172147891e+03
3.501282868475757981e-03 5.278698042883301241e+03
3.552467937846500237e-03 5.337907173539600990e+03
3.604401279043573103e-03 5.397521070987368148e+03
3.657093831013289581e-03 5.457534680524488977e+03
3.710556692617848762e-03 5.517942706230519434e+03
3.764801124973123341e-03 5.578739607655264990e+03
3.819838553820651544e-03 5.639919596569023270e+03
3.875680571934277552e-03 5.701476631341139182e+03
3.932338941561994670e-03 5.763404287520480466e+03
3.989825596903483901e-03 5.825695686773680791e+03
4.048152646623854461e-03 5.888343661291539320e+03
4.107332376404157839e-03 5.951340765502615795e+03
4.167377251529163704e-03 6.014679273094712698e+03
4.228299919512979246e-03 6.078351174139123941e+03
4.290113212763062289e-03 6.142348162484919158e+03
4.352830151283145106e-03 6.206661437550411392e+03
4.416463945415718614e-03 6.271281703583806120e+03
4.481027998624565259e-03 6.336199346114457512e+03
4.546535910317996317e-03 6.401404436797058224e+03
4.613001478713364342e-03 6.466886731089182831e+03
4.680438703743419748e-03 6.532635666082841453e+03
4.748861790005202803e-03 6.598640336055538683e+03
4.818285149752000139e-03 6.664889273426209911e+03
4.888723405929067470e-03 6.731370531851460328e+03
4.960191395253731733e-03 6.798071821416804596e+03
5.032704171340500639e-03 6.864980509113828703e+03
5.106277007871882177e-03 6.932083617629126820e+03
5.180925401815538595e-03 6.999367824348883914e+03
5.256665076688484331e-03 7.066819395991520651e+03
5.333511985869003602e-03 7.134423857161125852e+03
5.411482315956968499e-03 7.202166220230285944e+03
5.490592490183303538e-03 7.270031127294952057e+03
5.570859171869283616e-03 7.338002850529715943e+03
5.652299267936387872e-03 7.406065292583362861e+03
5.734929932467494433e-03 7.474201987260496935e+03
5.818768570320108184e-03 7.542395926137268361e+03
5.903832840792426484e-03 7.610629094686816643e+03
5.990140661343009570e-03 7.678882940768414301e+03
6.077710211364779902e-03 7.747138515147933504e+03
6.166559936014250759e-03 7.815376473812427321e+03
6.256708550096706616e-03 7.883577080670462237e+03
6.348175042008176623e-03 7.951720209319530113e+03
6.440978677735063364e-03 8.019785083724798824e+03
6.535139004912191886e-03 8.087749952567702167e+03
6.630675856940231386e-03 8.155592580439025369e+03
6.727609357163294446e-03 8.223290328475277420e+03
6.825959923107587264e-03 8.290820159772805710e+03
6.925748270782071045e-03 8.358158645296196482e+03
7.026995419041935122e-03 8.425281958989358827e+03
7.129722694015907039e-03 8.492165383890936937e+03
7.233951733598259146e-03 8.558783102012328527e+03
7.339704492006493552e-03 8.625108841007242518e+03
7.447003244405685576e-03 8.691115934226356330e+03
7.555870591600344355e-03 8.756777330319317116e+03
7.666329464794954633e-03 8.822065603458320766e+03
7.778403130424071422e-03 8.886952921485230036e+03
7.892115195053017035e-03 8.951410297021562656e+03
8.007489610350273374e-03 9.015407663785475961e+03
8.124550678132471532e-03 9.078914559695977005e+03
8.243323055483224235e-03 9.141900165391869450e+03
8.363831759946753486e-03 9.204333319349483645e+03
8.486102174797421904e-03 9.266182533756133125e+03
8.610160054386374259e-03 9.327415875405849874e+03
8.736031529566222475e-03 9.387999786720280099e+03
8.863743113195142811e-03 9.447899645975423482e+03
8.993321705721387879e-03 9.507080512947974057e+03
9.124794600849434750e-03 9.565507158703538153e+03
9.258189491289004272e-03 9.623144088033403023e+03
9.393534474588058347e-03 9.679955562802886561e+03
9.530858059051136935e-03 9.735905342085306984e+03
9.670189169744177957e-03 9.790955380525618239e+03
9.811557154587121146e-03 9.845066861137305750e+03
9.954991790535626384e-03 9.898200774255954457e+03
1.010052328985306877e-02 9.950317948543168313e+03
1.024818230647431272e-02 1.000137908246211919e+04
1.039799994246248110e-02 1.005134477668046384e+04
1.055000775456010551e-02 1.010017495596080698e+04
1.070423776083609911e-02 1.014782743824691534e+04
1.086072244742980301e-02 1.019425956359516022e+04
1.101949477539372266e-02 1.023942866181162026e+04
1.118058818763625201e-02 1.028329209393697238e+04
1.134403661596588772e-02 1.032580729486627752e+04
1.150987448823847202e-02 1.036693180997345553e+04
1.167813673560882254e-02 1.040662227059773431e+04
1.184885879988847868e-02 1.044483327574293980e+04
1.202207664101093837e-02 1.048151935923016754e+04
1.219782674460607834e-02 1.051663531406598486e+04
1.237614612968528961e-02 1.055013624681325382e+04
1.255707235643890689e-02 1.058197763308622234e+04
1.274064353414771852e-02 1.061211533497898381e+04
1.292689832921006809e-02 1.064050416464386763e+04
1.311587597328633080e-02 1.066709746044018902e+04
1.330761627156248385e-02 1.069184899672370375e+04
1.350215961113438584e-02 1.071471318373754730e+04
1.369954696951472539e-02 1.073564513545399313e+04
1.389981992326428176e-02 1.075460073834434297e+04
1.410302065674938314e-02 1.077153660303741708e+04
1.430919197102739626e-02 1.078640825406236763e+04
1.451837729286207211e-02 1.079917052279054769e+04
1.473062068387071682e-02 1.080977923332934370e+04
1.494596684980511146e-02 1.081819133308487835e+04
1.516446114996804033e-02 1.082436497313580003e+04
1.538614960676757890e-02 1.082825958903257015e+04
1.561107891541092807e-02 1.082983579111513973e+04
1.583929645374004477e-02 1.082905392092108013e+04
1.607085029221108630e-02 1.082587494391647124e+04
1.630578920401963561e-02 1.082026143596555085e+04
1.654416267537409807e-02 1.081217767876382641e+04
1.678602091591909276e-02 1.080158974665937785e+04
1.703141486931141271e-02 1.078846559290209007e+04
1.728039622395046923e-02 1.077277503110344878e+04
1.753301742386564541e-02 1.075448938088049908e+04
1.778933167976285562e-02 1.073358192244617749e+04
1.804939298023248290e-02 1.071002815847086822e+04
1.831325610312126845e-02 1.068380589632117699e+04
1.858097662707040160e-02 1.065489532826972572e+04
1.885261094322228034e-02 1.062327910976078056e+04
1.912821626709848566e-02 1.058894304571714383e+04
1.940785065065123507e-02 1.055187745543034725e+04
1.969157299449119172e-02 1.051207567183582978e+04
1.997944306029392214e-02 1.046953372219577432e+04
2.027152148338777146e-02 1.042425038329316885e+04
2.056786978552578929e-02 1.037622723271173891e+04
2.086855038784423896e-02 1.032546872040658673e+04
2.117362662401069129e-02 1.027198508395515091e+04
2.148316275356426316e-02 1.021579499443712120e+04
2.179722397545085302e-02 1.015692051187136167e+04
2.211587644175638107e-02 1.009538644221872346e+04
2.243918727164054272e-02 1.003122033623520656e+04
2.276722456547451354e-02 9.964452483262050009e+03
2.310005741918519373e-02 9.895116131379078070e+03
2.343775593880918079e-02 9.823255100488806420e+03
2.378039125525956490e-02 9.748925216501032992e+03
2.412803553930845113e-02 9.672184966346649162e+03
2.448076201678866387e-02 9.593094822664121239e+03
2.483864498401761392e-02 9.511717163484052435e+03
2.520175982344662752e-02 9.428116188864243668e+03
2.557018301953918257e-02 9.342358863419513000e+03
2.594399217488100456e-02 9.254529458302058629e+03
2.632326602652596687e-02 9.164725333372363821e+03
2.670808446258075841e-02 9.073044432989099732e+03
2.709852853903206224e-02 8.979584795604698229e+03
2.749468049681982537e-02 8.884444404285426572e+03
2.789662377915988131e-02 8.787721041130720550e+03
2.830444304912005035e-02 8.689515430590477990e+03
2.871822420745307261e-02 8.589954713795492353e+03
2.913805441069023533e-02 8.489177230576759030e+03
2.956402208949962182e-02 8.387318519192087479e+03
2.999621696731250703e-02 8.284511044916884202e+03
3.043473007922230592e-02 8.180884044509379237e+03
3.087965379115964470e-02 8.076563386895934855e+03
3.133108181934779468e-02 7.971677503989440993e+03
3.178910925004262145e-02 7.866380067399024483e+03
3.225383255956085909e-02 7.760827882731914542e+03
3.272534963460146246e-02 7.655171545694967790e+03
3.320375979286387114e-02 7.549555378997194566e+03
3.368916380396765747e-02 7.444117398248269637e+03
3.418166391067829768e-02 7.338989315989058923e+03
3.468136385044270908e-02 7.234311745588935082e+03
3.518836887724013929e-02 7.130262104114672184e+03
3.570278578375216116e-02 7.027015985504483979e+03
3.622472292385692239e-02 6.924738924921088255e+03
3.675429023545227769e-02 6.823586598567419969e+03
3.729159926361230726e-02 6.723705060987493198e+03
3.783676318408267514e-02 6.625230851223387617e+03
3.838989682711928253e-02 6.528275890471760249e+03
3.895111670167546863e-02 6.432916474052687590e+03
3.952054101994287999e-02 6.339220223558133512e+03
4.009828972225087940e-02 6.247249408244835649e+03
4.068448450233018432e-02 6.157061187505828457e+03
4.127924883294574465e-02 6.068707857487298497e+03
4.188270799190429994e-02 5.982239006581106878e+03
4.249498908844235451e-02 5.897756504173374196e+03
4.311622108999949021e-02 5.815419220366705304e+03
4.374653484938354625e-02 5.735378737534978427e+03
4.438606313233263434e-02 5.657776353361817200e+03
4.503494064548013709e-02 5.582743867321330072e+03
4.569330406472871947e-02 5.510404395828685665e+03
4.636129206403876574e-02 5.440839097851823681e+03
4.703904534463793780e-02 5.373929057630257375e+03
4.772670666465776007e-02 5.309491675908408070e+03
4.842442086920330235e-02 5.247352757832005409e+03
4.913233492086268445e-02 5.187346014668602038e+03
4.985059793066222433e-02 5.129312524726718038e+03
5.057936118947450183e-02 5.073104268037843212e+03
5.131877819988533984e-02 5.018602171219631600e+03
5.206900470852685037e-02 4.965699929329738552e+03
5.283019873888285950e-02 4.914295424262450979e+03
5.360252062457417782e-02 4.864290474329485733e+03
5.438613304313034275e-02 4.815588954250963980e+03
5.518120105025506317e-02 4.768020282684234189e+03
5.598789211459281184e-02 4.721311264954020771e+03
5.680637615300320603e-02 4.675191523168359709e+03
5.763682556635146143e-02 4.629401653040932615e+03
5.847941527582200399e-02 4.583692926396181974e+03
5.933432275976269904e-02 4.537822506555045948e+03
6.020172809106821843e-02 4.491549606911311457e+03
6.108181397510917959e-02 4.444643873218742556e+03
6.197476578821645155e-02 4.396886673791112116e+03
6.288077161672764315e-02 4.348070381490136242e+03
6.380002229660459989e-02 4.297975544332705795e+03
6.473271145363017343e-02 4.246373539281353260e+03
6.567903554419210477e-02 4.193051383448342676e+03
6.663919389666378423e-02 4.137813729605142726e+03
6.761338875338955556e-02 4.080495136051442387e+03
6.860182531328387623e-02 4.020986131049364303e+03
6.960471177505345164e-02 3.959202432434862203e+03
7.062225938105071155e-02 3.895077661295119015e+03
7.165468246176893985e-02 3.828577704496777187e+03
7.270219848098762039e-02 3.759762799525870832e+03
7.376502808157761604e-02 3.688731941337956414e+03
7.484339513197652005e-02 3.615594167557740093e+03
7.593752677334256185e-02 3.540492588980302116e+03
7.704765346739865517e-02 3.463689737147967662e+03
7.817400904497545655e-02 3.385475639456441058e+03
7.931683075526416160e-02 3.306131304361367711e+03
8.047635931578948909e-02 3.225973116257271613e+03
8.165283896311283096e-02 3.145395174388227588e+03
8.284651750427694805e-02 3.064775207604368461e+03
8.405764636900275866e-02 2.984469148248596412e+03
8.528648066264885030e-02 2.904887544174347568e+03
8.653327921994584393e-02 2.826450834368051346e+03
8.779830465951539431e-02 2.749534664081035316e+03
8.908182343918695512e-02 2.674520043543596330e+03
9.038410591212296674e-02 2.601816709415495097e+03
9.170542638376437405e-02 2.531786398758900305e+03
9.304606316960913059e-02 2.464739863811003943e+03
9.440629865383445840e-02 2.400938200319154021e+03
9.578641934877712982e-02 2.340597157100968616e+03
9.718671595528259599e-02 2.283898257161849415e+03
9.860748342393652055e-02 2.230985181893133358e+03
1.000490210171918332e-01 2.181847689928765703e+03
1.015116323724032793e-01 2.136376380084390348e+03
1.029956255657841074e-01 2.094467518427442883e+03
1.045013131772974252e-01 2.055964208947844327e+03
1.060290123564962966e-01 2.020521692845189591e+03
1.075790448893265555e-01 1.987783265000570964e+03
1.091517372659055601e-01 1.957409404077073532e+03
1.107474207492925439e-01 1.928961727708836861e+03
1.123664314452638840e-01 1.901956778391968783e+03
1.140091103731084438e-01 1.875940312651684053e+03
1.156758035374585020e-01 1.850436625042972537e+03
1.173668620011691921e-01 1.824945305241067672e+03
1.190826419592654478e-01 1.798996614286455269e+03
1.208235048139681272e-01 1.772158052535598472e+03
1.225898172508182588e-01 1.744036971552844989e+03
1.243819513159135359e-01 1.714281729215416135e+03
1.262002844942737012e-01 1.682658284073010464e+03
1.280451997893521099e-01 1.649058339703204865e+03
1.299170858037094478e-01 1.613421028848108108e+03
1.318163368208665476e-01 1.575855918372333008e+03
1.337433528883545664e-01 1.536589152946751710e+03
1.356985399019780825e-01 1.495877456805887277e+03
1.376823096913110667e-01 1.454106357500767672e+03
1.396950801064423264e-01 1.411680371524980501e+03
1.417372751059889358e-01 1.369029018383396078e+03
1.438093248463969687e-01 1.326635871321895593e+03
1.459116657725464394e-01 1.284946475942643701e+03
1.480447407096822376e-01 1.244451428212057635e+03
1.502089989566880446e-01 1.205613656707121663e+03
1.524048963807241031e-01 1.168829902088819836e+03
1.546328955132490468e-01 1.134443775883701392e+03
1.568934656474439693e-01 1.102696755036632567e+03
1.591870829370623797e-01 1.073632935019456454e+03
1.615142304967244202e-01 1.047223349313915378e+03
1.638753985036771332e-01 1.023240714958831290e+03
1.662710843010433426e-01 1.001375093499634886e+03
1.687017925025782461e-01 9.812543450815929873e+02
1.711680350989590316e-01 9.624607476266680806e+02
1.736703315656276114e-01 9.445859799271769361e+02
1.762092089722097354e-01 9.272243933579374016e+02
1.787852020935346842e-01 9.099844051359194737e+02
1.813988535222762488e-01 8.924810671836497704e+02
1.840507137832419760e-01 8.743759180127167383e+02
1.867413414493326596e-01 8.553858596896604922e+02
1.894713032591964219e-01 8.353518674895444747e+02
1.922411742366045562e-01 8.142565446839053038e+02
1.950515378115697251e-01 7.922367620819965168e+02
1.979029859432374638e-01 7.695576016033686528e+02
2.007961192445727183e-01 7.465621172519432776e+02
2.037315471088695651e-01 7.236175413342667753e+02
2.067098878381109506e-01 7.010759100332560365e+02
2.097317687732032643e-01 6.792478993553795590e+02
2.127978264261168317e-01 6.583985712475523542e+02
2.159087066139566691e-01 6.387288836207568465e+02
2.190650645949938080e-01 6.203727064444104826e+02
2.222675652066860297e-01 6.033613143877799985e+02
2.255168830057141804e-01 5.876389451626610025e+02
2.288137024100676820e-01 5.730437967611214845e+02
2.321587178432065190e-01 5.593496730918290041e+02
2.355526338803303199e-01 5.462903357368289790e+02
2.389961653967870026e-01 5.335889280234388252e+02
2.424900377186487710e-01 5.209940935305153289e+02
2.460349867754916542e-01 5.082995205893861339e+02
2.496317592554072318e-01 4.953740198035152957e+02
2.532811127622807135e-01 4.821737338387841305e+02
2.569838159753691231e-01 4.687397634880076680e+02
2.607406488112101739e-01 4.551887081289113439e+02
2.645524025879008034e-01 4.416801798917317115e+02
2.684198801917750399e-01 4.283874161565101417e+02
2.723438962465198343e-01 4.154734772609813263e+02
2.763252772847634708e-01 4.030708555354297005e+02
2.803648619221703608e-01 3.912648960762056163e+02
2.844635010340832437e-01 3.800852654034335956e+02
2.886220579347465454e-01 3.695045180342204958e+02
2.928414085591499183e-01 3.594446392648196138e+02
2.971224416475309327e-01 3.497933623576569744e+02
3.014660589325728890e-01 3.404276434628497441e+02
3.058731753293426614e-01 3.312371355049044723e+02
3.103447191280011563e-01 3.221428772830886942e+02
3.148816321893345704e-01 3.131060544511072408e+02
3.194848701431421967e-01 3.041260487827105976e+02
3.241554025895248548e-01 2.952347525199591587e+02
3.288942133031160231e-01 2.864886835277791874e+02
3.337023004402986381e-01 2.779555018806694875e+02
3.385806767494510816e-01 2.696935051606993738e+02
3.435303697842667647e-01 2.617338790653648175e+02
3.485524221201917183e-01 2.540782515032086337e+02
3.536478915740292051e-01 2.467084551687528915e+02
3.588178514267486574e-01 2.395946863091899672e+02
3.640633906495577277e-01 2.326977696229899095e+02
3.693856141332771403e-01 2.259751352605087504e+02
3.747856429210675300e-01 2.193945727892266291e+02
3.802646144445607224e-01 2.129439457509898546e+02
3.858236827634416444e-01 2.066276284505793512e+02
3.914640188085323214e-01 2.004574200265854245e+02
3.971868106284311972e-01 1.944479976053666519e+02
4.029932636397551282e-01 1.886135478060844548e+02
4.088846008810456123e-01 1.829614908257703689e+02
4.148620632703771682e-01 1.774886990917229639e+02
4.209269098667416387e-01 1.721846256475218411e+02
4.270804181352469975e-01 1.670364702782127040e+02
4.333238842161967197e-01 1.620313963040406406e+02
4.396586231981007287e-01 1.571585494389157134e+02
4.460859693946784277e-01 1.524122283782241709e+02
4.526072766259111591e-01 1.477919231995105633e+02
4.592239185032028215e-01 1.432988399698445505e+02
4.659372887187092638e-01 1.389339828349739605e+02
4.727488013389010146e-01 1.346975426775403264e+02
4.796598911024085310e-01 1.305869054055416427e+02
4.866720137222323439e-01 1.265969539486290216e+02
4.937866461923635653e-01 1.227227629969987817e+02
5.010052870988910279e-01 1.189596485393016678e+02
5.083294569356542336e-01 1.153031811261961792e+02
5.157606984245119985e-01 1.117508795369661101e+02
5.233005768402924085e-01 1.083011191045155499e+02
5.309506803404935305e-01 1.049517517229755015e+02
5.387126202998030466e-01 1.017008351878987327e+02
5.465880316495134172e-01 9.854591419670306607e+01
5.545785732218880826e-01 9.548382755649524256e+01
5.626859280995726298e-01 9.251183029086445231e+01
5.709118039701092107e-01 8.962722911921831326e+01
5.792579334856339246e-01 8.682747531344553238e+01
5.877260746278328840e-01 8.411051806770453254e+01
5.963180110782335674e-01 8.147418024558513139e+01
6.050355525939097312e-01 7.891633786440291942e+01
6.138805353886781502e-01 7.643485707978400967e+01
6.228548225198672350e-01 7.402754485086579450e+01
6.319603042807454552e-01 7.169229189880709896e+01
6.411988985986756262e-01 6.942707132099151579e+01
6.505725514391001996e-01 6.722993063845441952e+01
6.600832372154278316e-01 6.509896652009092577e+01
6.697329592049126035e-01 6.303232170827040193e+01
6.795237499706128226e-01 6.102818451785389442e+01
6.894576717895189999e-01 5.908478825641567767e+01
6.995368170869399327e-01 5.720041058027841530e+01
7.097633088772395960e-01 5.537337279556182068e+01
7.201393012110154368e-01 5.360203911310524205e+01
7.306669796288211005e-01 5.188481586428078174e+01
7.413485616215078622e-01 5.022015069242603857e+01
7.521862970973097751e-01 4.860653172548956746e+01
7.631824688557515834e-01 4.704248673377722412e+01
7.743393930684823179e-01 4.552658227600751673e+01
7.856594197671431523e-01 4.405742284665904407e+01
7.971449333383636704e-01 4.263365000742818722e+01
8.087983530259946763e-01 4.125394156419476843e+01
8.206221334406861301e-01 3.991701075151863165e+01
8.326187650769097948e-01 3.862160539300018058e+01
8.447907748375487191e-01 3.736650707805856086e+01
8.571407265661413755e-01 3.615053035283325755e+01
8.696712215869213392e-01 3.497252193039182089e+01
8.823848992527434376e-01 3.383135991967110101e+01
8.952844375010228228e-01 3.272595306783351532e+01
9.083725534177999883e-01 3.165524001716689639e+01
9.216520038100530776e-01 3.061818858041187141e+01
9.351255857863758347e-01 2.961379503057314366e+01
9.487961373461444303e-01 2.864108340476713721e+01
9.626665379772972875e-01 2.769910482176813815e+01
9.767397092628588018e-01 2.678693681280220318e+01
9.910186154963170901e-01 2.590368266606255077e+01
1.005506264306011754e+00 2.504847078897091350e+01
1.020205707288642349e+00 2.422045408063699057e+01
1.035120040652039108e+00 2.341880931311462533e+01
1.050252405867331484e+00 2.264273652801436754e+01
1.065605990330649178e+00 2.189145845065815976e+01
1.081184028034497757e+00 2.116421990928395758e+01
1.096989800248948210e+00 2.046028726576324885e+01
1.113026636212783860e+00 1.977894786306617902e+01
1.129297913834759637e+00 1.911950948239901749e+01
1.145807060405094280e+00 1.848129980949211415e+01
1.162557553317383530e+00 1.786366591474259735e+01
1.179552920801056004e+00 1.726597374500466486e+01
1.196796742664540281e+00 1.668760762477415582e+01
1.214292651049295291e+00 1.612796976860646225e+01
1.232044331194864339e+00 1.558647980471985406e+01
1.250055522215113069e+00 1.506257430962973132e+01
1.268330017885814565e+00 1.455570635103195265e+01
1.286871667443748146e+00 1.406534504146633502e+01
1.305684376397488800e+00 1.359097510545484333e+01
1.324772107350028261e+00 1.313209645268406511e+01
1.344138880833445127e+00 1.268822376359316451e+01
1.363788776155762994e+00 1.225888608788007339e+01
1.383725932260194913e+00 1.184362644916543594e+01
1.403954548596945795e+00 1.144200146301164089e+01
1.424478886007761735e+00 1.105358096372350829e+01
1.445303267623408772e+00 1.067794763906583810e+01
1.466432079774274033e+00 1.031469667684366875e+01
1.487869772914273581e+00 9.963435417042088460e+00
1.509620862558282761e+00 9.623783014865507468e+00
1.531689930233242070e+00 9.295370113069235884e+00
1.554081624443195642e+00 8.977838521626507529e+00
1.576800661648422253e+00 8.670840906699456951e+00
1.599851827258884196e+00 8.374040490082354182e+00
1.623239976642200544e+00 8.087110751556252808e+00
1.646970036146351957e+00 7.809735142691233811e+00
1.671047004137340419e+00 7.541606803701104589e+00
1.695475952052016400e+00 7.282428286848404042e+00
1.720262025466296141e+00 7.031911286477268597e+00
1.745410445179006009e+00 6.789776374360542377e+00
1.770926508311545744e+00 6.555752742414289180e+00
1.796815589423657711e+00 6.329577951981502970e+00
1.823083141645486682e+00 6.110997690162839113e+00
1.849734697826201923e+00 5.899765531454153944e+00
1.876775871699400300e+00 5.695642705676665862e+00
1.904212359065556415e+00 5.498397870086750849e+00
1.932049938991747595e+00 5.307806887394477258e+00
1.960294475028930172e+00 5.123652609687238346e+00
1.988951916446997759e+00 4.945724669356920344e+00
2.018028299487918176e+00 4.773819277528827953e+00
2.047529748637149538e+00 4.607739029759720495e+00
2.077462477913684324e+00 4.447292718200080763e+00
2.107832792178929715e+00 4.292295149541073940e+00
2.138647088464729507e+00 4.142566967833524849e+00
2.169911857320797832e+00 3.997934482583137772e+00
2.201633684181852235e+00 3.858229501460544331e+00
2.233819250754732977e+00 3.723289168692947904e+00
2.266475336425795906e+00 3.592955807180072458e+00
2.299608819688899963e+00 3.467076765563563256e+00
2.333226679594230024e+00 3.345504267964403144e+00
2.367335997218341426e+00 3.228095267067192964e+00
2.401943957155674436e+00 3.114711300341201472e+00
2.437057849031875278e+00 3.005218349116040688e+00
2.472685069039242567e+00 2.899486701096603003e+00
2.508833121494619789e+00 2.797390815814894793e+00
2.545509620420062458e+00 2.698809193619703617e+00
2.582722291146611671e+00 2.603624248637457228e+00
2.620478971941511137e+00 2.511722185820967290e+00
2.658787615659232717e+00 2.422992882856489949e+00
2.697656291416595131e+00 2.337329776622648403e+00
2.737093186292413272e+00 2.254629753825447835e+00
2.777106607051975651e+00 2.174793045558784499e+00
2.817704981896732797e+00 2.097723125547124479e+00
2.858896862239568737e+00 2.023326611658051277e+00
2.900690924506019286e+00 1.951513170327999536e+00
2.943095971961828372e+00 1.882195423505351961e+00
2.986120936567217221e+00 1.815288857619547835e+00
3.029774880858254527e+00 1.750711734187378354e+00
3.074066999855763260e+00 1.688385001991069112e+00
3.119006623002072320e+00 1.628232210978421302e+00
3.164603216126144147e+00 1.570179428289858459e+00
3.210866383437390503e+00 1.514155156868395080e+00
3.257805869548656474e+00 1.460090256746812809e+00
3.305431561528767048e+00 1.407917869038280756e+00
3.353753490985083019e+00 1.357573342881760459e+00
3.402781836176506314e+00 1.308994165730903214e+00
3.452526924157365507e+00 1.262119896827296639e+00
3.502999232952645592e+00 1.216892102896193206e+00
3.554209393765044300e+00 1.173254295233682409e+00
3.606168193214234208e+00 1.131151868236433877e+00
3.658886575608911507e+00 1.090532039737373449e+00
3.712375645252049772e+00 1.051343792816969103e+00
3.766646668779836560e+00 1.013537818380840783e+00
3.821711077534821754e+00 9.770664586571842225e-01
3.877580469973746613e+00 9.418836525882025024e-01
3.934266614110581983e+00 9.079448835611534374e-01
3.991781449995269959e+00 8.752071290705015771e-01
4.050137092228705882e+00 8.436288121898741776e-01
4.109345832514518904e+00 8.131697551661146717e-01
4.169420142248081440e+00 7.837911349383893667e-01
4.230372675143446060e+00 7.554554398353038325e-01
4.292216269898639247e+00 7.281264271304340729e-01
4.354963952899938207e+00 7.017690817112044455e-01
4.418628940965673380e+00 6.763495758002804337e-01
4.483224644130143766e+00 6.518352294520353141e-01
4.548764668468230354e+00 6.281944721534272746e-01
4.615262818961308078e+00 6.053968060498222670e-01
4.682733102405032710e+00 5.834127705904829098e-01
4.751189730359695496e+00 5.622139083835183682e-01
4.820647122143609131e+00 5.417727325575782960e-01
4.891119907870349337e+00 5.220626952216995686e-01
4.962622931530347614e+00 5.030581564222815771e-01
5.035171254117549289e+00 4.847343540887513180e-01
5.108780156801775441e+00 4.670673749463435387e-01
5.183465144147461068e+00 4.500341258307082315e-01
5.259241947379449833e+00 4.336123061199742001e-01
5.336126527696529287e+00 4.177803814659638015e-01
5.414135079633403791e+00 4.025175581151130833e-01
5.493284034471850319e+00 3.878037583402336730e-01
5.573590063701657549e+00 3.736195968401985756e-01
5.655070082532255960e+00 3.599463574241162922e-01
5.737741253455627799e+00 3.467659706150484911e-01
5.821620989861316708e+00 3.340609919290504215e-01
5.906726959704293733e+00 3.218145805687059324e-01
5.993077089226426679e+00 3.100104791985142105e-01
6.080689566732367268e+00 2.986329942549774685e-01
6.169582846420635036e+00 2.876669769558340417e-01
6.259775652270687551e+00 2.770978050153719008e-01
6.351286981986886460e+00 2.669113648230348468e-01
6.444136110999997946e+00 2.570940341923387829e-01
6.538342596527299655e+00 2.476326656668479120e-01
6.633926281691996607e+00 2.385145704026006008e-01
6.730907299702868940e+00 2.297275025831619633e-01
6.829306078095006782e+00 2.212596443467708396e-01
6.929143343032559521e+00 2.130995912094906242e-01
7.030440123674378761e+00 2.052363379688467993e-01
7.133217756603474236e+00 1.976592650727406753e-01
7.237497890321226812e+00 1.903581254389349886e-01
7.343302489807351563e+00 1.833230317108277274e-01
7.450653841146402279e+00 1.765444439356982365e-01
7.559574556222044883e+00 1.700131576519720855e-01
7.670087577479873353e+00 1.637202923724940251e-01
7.782216182759883694e+00 1.576572804511708892e-01
7.895983990199590963e+00 1.518158563207493705e-01
8.011414963208803641e+00 1.461880460903077494e-01
8.128533415517162908e+00 1.407661574903426305e-01
8.247364016295438915e+00 1.355427701537624541e-01
8.367931795351683633e+00 1.305107262225976006e-01
8.490262148403447284e+00 1.256631212699311773e-01
8.614380842426879070e+00 1.209932955268412103e-01
8.740314021084214957e+00 1.164948254045602011e-01
8.868088210230501645e+00 1.121615153022635369e-01
8.997730323500867655e+00 1.079873896911853204e-01
9.129267667979442891e+00 1.039666854660747097e-01
9.262727949951189643e+00 1.000938445552786160e-01
9.398139280737774826e+00 9.636350678101519851e-02
9.535530182618801476e+00 9.277050296165592624e-02
9.674929594839552394e+00 8.930984824809888589e-02
9.816366879706656334e+00 8.597673568655316012e-02
9.959871828772710600e+00 8.276653000026641671e-02
1.010547466911144987e+01 7.967476158298264499e-02
1.025320606968461767e+01 7.669712069730873216e-02
1.040309714780188344e+01 7.382945187113910956e-02
1.055517947567521908e+01 7.106774848557885493e-02
1.070948508706910296e+01 6.840814754800504660e-02
1.086604648404792250e+01 6.584692464416916358e-02
1.102489664382203038e+01 6.338048906341307853e-02
1.118606902569385220e+01 6.100537909122499824e-02
1.134959757810564795e+01 5.871825746356918591e-02
1.151551674579011042e+01 5.651590697760190685e-02
1.168386147702566902e+01 5.439522625355176083e-02
1.185466723099780317e+01 5.235322564271796542e-02
1.202796998526794603e+01 5.038702327669733472e-02
1.220380624335159503e+01 4.849384125310876592e-02
1.238221304240722098e+01 4.667100195323968526e-02
1.256322796103756012e+01 4.491592448719539110e-02
1.274688912720495360e+01 4.322612126223286666e-02
1.293323522626238820e+01 4.159919467013765276e-02
1.312230550910205196e+01 4.003283388963806144e-02
1.331413980042279199e+01 3.852481179994825949e-02
1.350877850711862749e+01 3.707298200169015928e-02
1.370626262678985441e+01 3.567527594162316074e-02
1.390663375637849875e+01 3.432970013762315364e-02
1.410993410093010780e+01 3.303433350050312411e-02
1.431620648248353866e+01 3.178732474938710667e-02
1.452549434909079373e+01 3.058688991745396601e-02
1.473784178396863354e+01 2.943130994497381372e-02
1.495329351478402380e+01 2.831892835666062480e-02
1.517189492307541343e+01 2.724814902046275925e-02
1.539369205381147587e+01 2.621743398500938141e-02
1.561873162508987889e+01 2.522530139301868216e-02
1.584706103797769572e+01 2.427032346806868093e-02
1.607872838649570468e+01 2.335112457221377724e-02
1.631378246774861651e+01 2.246637933201463266e-02
1.655227279220344982e+01 2.161481083063757080e-02
1.679424959411812424e+01 2.079518886376524947e-02
1.703976384212252526e+01 2.000632825707319290e-02
1.728886724995421531e+01 1.924708724316591055e-02
1.754161228735124567e+01 1.851636589592775897e-02
1.779805219110390624e+01 1.781310462030589667e-02
1.805824097626834401e+01 1.713628269560578052e-02
1.832223344754396166e+01 1.648491687044743165e-02
1.859008521081716836e+01 1.585806000759113626e-02
1.886185268487388456e+01 1.525479977690187908e-02
1.913759311328329105e+01 1.467425739478057586e-02
1.941736457645527381e+01 1.411558640844637162e-02
1.970122600387417933e+01 1.357797152350912091e-02
1.998923718651132120e+01 1.306062747332237435e-02
2.028145878941918667e+01 1.256275816199917128e-02
2.057795236450934340e+01 1.208367403790744886e-02
2.087878036351754574e+01 1.162267343986994952e-02
2.118400615115817942e+01 1.117908060038710211e-02
2.149369401847103589e+01 1.075224470303514854e-02
2.180790919636322300e+01 1.034153897362254104e-02
2.212671786934903650e+01 9.946359803921157178e-03
2.245018718949070191e+01 9.566125906829285250e-03
2.277838529054287875e+01 9.200277501862433316e-03
2.311138130230395760e+01 8.848275529905752154e-03
2.344924536517731894e+01 8.509600896198409731e-03
2.379204864494509053e+01 8.183753740556187761e-03
2.413986334775823295e+01 7.870252733871350298e-03
2.449276273534560744e+01 7.568634399963898238e-03
2.485082114044544710e+01 7.278452461887520777e-03
2.521411398246234725e+01 6.999277211826660308e-03
2.558271778335319269e+01 6.730694903749942677e-03
2.595671018374532579e+01 6.472307168014647394e-03
2.633616995929025606e+01 6.223730447143999145e-03
2.672117703725674076e+01 5.984595452026310151e-03
2.711181251336591203e+01 5.754546637811301310e-03
2.750815866887301198e+01 5.533241698803061798e-03
2.791029898789860297e+01 5.320351081674477151e-03
2.831831817501321069e+01 5.115557516350668563e-03
2.873230217307899892e+01 4.918555563931947816e-03
2.915233818135229171e+01 4.729051181048456350e-03
2.957851467385073363e+01 4.546761300059983663e-03
3.001092141798897828e+01 4.371413424534652432e-03
3.044964949348669592e+01 4.202745239460257097e-03
3.089479131155336233e+01 4.040504235660353528e-03
3.134644063435284167e+01 3.884447347906422928e-03
3.180469259475321309e+01 3.734340606234456354e-03
3.226964371636491080e+01 3.589958799992075487e-03
3.274139193387193103e+01 3.451085154158521455e-03
3.322003661366026250e+01 3.317511017495861081e-03
3.370567857474782159e+01 3.189035562105378089e-03
3.419842011002043591e+01 3.065465493977792121e-03
3.469836500777822863e+01 2.946614774140561728e-03
3.520561857359694358e+01 2.832304350019382733e-03
3.572028765250914262e+01 2.722361896644311715e-03
3.624248065150912623e+01 2.616621567344255741e-03
3.677230756238733278e+01 2.514923753585627999e-03
3.730987998489843704e+01 2.417114853623470241e-03
3.785531115026797977e+01 2.323047049644992503e-03
3.840871594504283593e+01 2.232578093096545917e-03
3.897021093529023972e+01 2.145571097896025684e-03
3.953991439115061013e+01 2.061894341243347695e-03
4.011794631174928583e+01 1.981421071751885820e-03
4.070442845047244873e+01 1.904029324633377913e-03
4.129948434061276430e+01 1.829601743678436251e-03
4.190323932138942098e+01 1.758025409784018432e-03
4.251582056434906320e+01 1.689191675787878391e-03
4.313735710015248515e+01 1.622996007378799425e-03
4.376797984575289036e+01 1.559337829859538558e-03
4.440782163197150112e+01 1.498120380547512042e-03
4.505701723147632975e+01 1.439250566605838845e-03
4.571570338716985304e+01 1.382638828104997605e-03
4.638401884099187100e+01 1.328199006122377738e-03
4.706210436314317036e+01 1.275848215694144619e-03
4.775010278173689215e+01 1.225506723440435283e-03
4.844815901288263404e+01 1.177097829691480663e-03
4.915642009121098965e+01 1.130547754948484562e-03
4.987503520084404585e+01 1.085785530519203356e-03
5.060415570681870889e+01 1.042742893174075213e-03
5.134393518696938230e+01 1.001354183674313695e-03
5.209452946427667541e+01 9.615562490289671733e-04
5.285609663968917715e+01 9.232883483431378368e-04
5.362879712542486033e+01 8.864920621247622664e-04
5.441279367875933559e+01 8.511112049222110260e-04
5.520825143630856502e+01 8.170917411697707806e-04
5.601533794881164852e+01 7.843817041227220529e-04
5.683422321642321862e+01 7.529311177680510399e-04
5.766507972452117770e+01 7.226919216012599569e-04
5.850808248003804124e+01 6.936178981638058041e-04
5.936340904832347576e+01 6.656646032397282994e-04
6.023123959054557019e+01 6.387892986138526789e-04
6.111175690163905472e+01 6.129508872976655899e-04
6.200514644880813364e+01 5.881098511326169308e-04
6.291159641059218188e+01 5.642281906840061886e-04
6.383129771650300199e+01 5.412693673419437940e-04
6.476444408724059087e+01 5.191982475491379928e-04
6.571123207549763379e+01 4.979810490782602154e-04
6.667186110736035687e+01 4.775852892847019218e-04
6.764653352431433575e+01 4.579797352633604101e-04
6.863545462586466783e+01 4.391343558408403419e-04
6.963883271277907738e+01 4.210202753371259602e-04
7.065687913096321893e+01 4.036097290333122119e-04
7.168980831597734493e+01 3.868760202844276483e-04
7.273783783820375959e+01 3.707934792187285683e-04
7.380118844867503469e+01 3.553374229671029142e-04
7.488008412557110205e+01 3.404841173683898024e-04
7.597475212139717371e+01 3.262107400984311711e-04
7.708542301085080339e+01 3.124953451727454572e-04
7.821233073938894620e+01 2.993168287745554316e-04
7.935571267250477945e+01 2.866548963617422739e-04
8.051580964572511334e+01 2.744900310080299749e-04
8.169286601533862324e+01 2.628034629353644515e-04
8.288712970986561857e+01 2.515771401960604971e-04
8.409885228228027643e+01 2.407937004647773237e-04
8.532828896299679400e+01 2.304364439018631171e-04
8.657569871362890979e+01 2.204893070509874556e-04
8.784134428153666363e+01 2.109368377352812654e-04
8.912549225516987406e+01 2.017641709174947855e-04
9.042841312022083855e+01 1.929570054908669868e-04
9.175038131659788121e+01 1.845015819685522616e-04
9.309167529623188386e+01 1.763846610405479538e-04
9.445257758172780882e+01 1.685935029680919565e-04
9.583337482587363354e+01 1.611158477865130346e-04
9.723435787201913172e+01 1.539398962884554732e-04
9.865582181533818584e+01 1.470542917603012538e-04
1.000980660649849199e+02 1.404481024454915102e-04
1.015613944071602504e+02 1.341108047092441744e-04
1.030461150690995282e+02 1.280322668799785759e-04
1.045525407839957523e+02 1.222027337434956700e-04
1.060809888568719970e+02 1.166128116666866082e-04
1.076317812314166673e+02 1.112534543282299448e-04
1.092052445577959645e+02 1.061159490343991047e-04
1.108017102614576572e+02 1.011919035987381653e-04
1.124215146129404133e+02 9.647323376497190758e-05
1.140649987987047069e+02 9.195215115310132338e-05
1.157325089929973529e+02 8.762115170921614652e-05
1.174243964307683115e+02 8.347300464007396134e-05
1.191410174816527672e+02 7.950074181405146446e-05
1.208827337250347966e+02 7.569764761057800153e-05
1.226499120262083125e+02 7.205724920065909576e-05
1.244429246136517264e+02 6.857330724158412565e-05
1.262621491574318782e+02 6.523980696938435752e-05
1.281079688487542683e+02 6.205094967306931360e-05
1.299807724806762792e+02 5.900114453512115561e-05
1.318809545300011337e+02 5.608500082316977522e-05
1.338089152403669004e+02 5.329732041820802005e-05
1.357650607065525037e+02 5.063309066512827901e-05
1.377498029600149607e+02 4.808747753178847404e-05
1.397635600556774591e+02 4.565581906322753615e-05
1.418067561599860085e+02 4.333361911805870672e-05
1.438798216402534820e+02 4.111654137447622444e-05
1.459831931553098343e+02 3.900040359370581135e-05
1.481173137474772545e+02 3.698117212912814094e-05
1.502826329358901489e+02 3.505495666969251386e-05
1.524796068111801048e+02 3.321800520662872703e-05
1.547086981315428318e+02 3.146669921284591390e-05
1.569703764202118350e+02 2.979754902478340945e-05
1.592651180643561304e+02 2.820718941685857085e-05
1.615934064154234875e+02 2.669237535902436119e-05
1.639557318909509718e+02 2.524997794831649610e-05
1.663525920778637612e+02 2.387698050563399755e-05
1.687844918372840084e+02 2.257047482935217026e-05
1.712519434108719736e+02 2.132765759772346458e-05
1.737554665287213425e+02 2.014582691236687929e-05
1.762955885188335969e+02 1.902237897548990421e-05
1.788728444181894019e+02 1.795480489382675444e-05
1.814877770854471919e+02 1.694068760260259278e-05
1.841409373152873457e+02 1.597769890316090352e-05
1.868328839544287803e+02 1.506359660820850441e-05
1.895641840193408996e+02 1.419622178894519684e-05
1.923354128156770457e+02 1.337349611864742757e-05
1.951471540594534417e+02 1.259341930757091147e-05
1.980000000000000000e+02 1.185406662432643611e-05
